1 1.4849999999999999

2 1.49

3 1.5

4 1.4649999999999999

5 1.49

6 1.4849999999999999

7 1.48

8 1.48

9 1.495

10 1.495

11 1.49

12 1.48

13 1.495

14 1.49

15 1.5

16 1.405

17 1.49

18 1.4849999999999999

19 1.5

20 1.43

21 1.5

22 1.49

23 1.4849999999999999

24 1.48

25 1.5

26 1.4449999999999998

27 1.5

28 1.4649999999999999

29 1.48

30 1.495

31 1.455

32 1.495

33 1.495

34 1.495

35 1.49

36 1.42

37 1.5

38 1.5

39 1.5

40 1.42

41 1.495

42 1.495

43 1.475

44 1.49

45 1.5

46 1.495

47 1.4849999999999999

48 1.495

49 1.5

50 1.495

51 1.4849999999999999

52 1.46

53 1.5

54 1.5

55 1.435

56 1.5

57 1.495

58 1.49

59 1.5

60 1.49

61 1.49

62 1.415

63 1.5

64 1.475

65 1.5

66 1.49

67 1.5

68 1.37

69 1.49

70 1.46

71 1.4649999999999999

72 1.4849999999999999

73 1.4849999999999999

74 1.495

75 1.475

76 1.49

77 1.5

78 1.495

79 1.5

80 1.495

81 1.495

82 1.48

83 1.495

84 1.495

85 1.315

86 1.425

87 1.4849999999999999

88 1.475

89 1.5

90 1.385

91 1.495

92 1.495

93 1.49

94 1.5

95 1.405

96 1.495

97 1.5

98 1.495

99 1.49

100 1.495

101 1.47

102 1.495

103 1.5

104 1.49

105 1.49

106 1.5

107 1.4849999999999999

108 1.5

109 1.5

110 1.45

111 1.495

112 1.495

113 1.105

114 1.495

115 1.49

116 1.3900000000000001

117 1.495

118 1.495

119 1.49

120 1.48

121 1.42

122 1.49

123 1.495

124 1.46

125 1.5

126 1.47

127 1.47

128 1.495

129 1.5

130 1.495

131 1.4849999999999999

132 1.495

133 1.42

134 1.495

135 1.49

136 1.495

137 1.49

138 1.495

139 1.49

140 1.44

141 1.5

142 1.4649999999999999

143 1.495

144 1.4849999999999999

145 1.315

146 1.5

147 1.495

148 1.44

149 1.4849999999999999

150 1.4649999999999999

151 1.475

152 1.5

153 1.5

154 1.47

155 1.46

156 1.5

157 1.5

158 1.495

159 1.5

160 1.38

161 1.4849999999999999

162 1.5

163 1.495

164 1.495

165 1.495

166 1.495

167 1.475

168 1.4849999999999999

169 1.4849999999999999

170 1.49

171 1.5

172 1.455

173 1.5

174 1.44

175 1.48

176 1.47

177 1.5

178 1.495

179 1.5

180 1.4849999999999999

181 1.475

182 1.5

183 1.5

184 1.5

185 1.5

186 -0.07999999999999996

187 1.4849999999999999

188 1.475

189 1.5

190 1.48

191 1.47

192 1.495

193 1.48

194 1.48

195 1.5

196 1.4649999999999999

197 1.5

198 1.4849999999999999

199 1.495

200 1.475

201 1.4649999999999999

202 1.48

203 1.5

204 1.5

205 1.4649999999999999

206 1.49

207 1.475

208 1.5

209 1.3499999999999999

210 1.5

211 1.5

212 1.49

213 1.4849999999999999

214 1.495

215 1.475

216 1.5

217 1.5

218 1.495

219 1.5

220 1.46

221 1.5

222 1.4849999999999999

223 1.495

224 1.495

225 1.47

226 1.5

227 1.4849999999999999

228 1.495

229 1.495

230 1.48

231 1.47

232 1.5

233 1.49

234 1.5

235 1.5

236 1.4849999999999999

237 1.48

238 1.495

239 1.495

240 1.475

241 1.5

242 1.5

243 1.5

244 1.5

245 1.5

246 1.465

247 1.4849999999999999

248 1.49

249 1.4849999999999999

250 1.475

251 1.48

252 1.5

253 1.5

254 1.49

255 1.475

256 1.4649999999999999

257 1.4849999999999999

258 1.48

259 1.5

260 1.5

261 1.49

262 1.495

263 1.495

264 1.495

265 -0.175

266 1.48

267 1.5

268 1.4649999999999999

269 1.49

270 1.495

271 -0.32499999999999996

272 1.495

273 1.38

274 1.5

275 1.46

276 1.475

277 1.5

278 1.495

279 1.49

280 1.475

281 1.475

282 1.5

283 1.5

284 1.4849999999999999

285 1.5

286 1.495

287 1.5

288 1.5

289 1.495

290 1.49

291 1.49

292 1.4849999999999999

293 1.49

294 1.5

295 1.5

296 1.495

297 1.5

298 1.5

299 1.495

300 1.495

301 1.5

302 1.48

303 1.49

304 1.5

305 1.225

306 1.5

307 1.4649999999999999

308 1.495

309 1.495

310 1.495

311 1.495

312 1.5

313 1.49

314 1.495

315 1.4849999999999999

316 1.5

317 1.5

318 1.49

319 1.475

320 1.49

321 1.49

322 1.495

323 1.4100000000000001

324 1.495

325 1.49

326 1.5

327 1.4849999999999999

328 1.5

329 1.3

330 1.495

331 1.4849999999999999

332 1.5

333 1.4849999999999999

334 1.49

335 1.5

336 1.47

337 1.4849999999999999

338 1.475

339 1.4849999999999999

340 1.49

341 1.49

342 1.475

343 1.5

344 1.495

345 1.455

346 1.495

347 1.495

348 1.5

349 1.4849999999999999

350 1.495

351 1.4849999999999999

352 1.495

353 1.5

354 1.49

355 1.49

356 1.495

357 1.495

358 1.495

359 1.5

360 1.5

361 1.49

362 1.4849999999999999

363 1.335

364 1.425

365 1.49

366 1.49

367 1.495

368 1.5

369 1.47

370 1.475

371 1.5

372 1.47

373 1.495

374 1.5

375 1.475

376 1.22

377 1.475

378 1.4849999999999999

379 1.495

380 1.495

381 1.425

382 1.5

383 1.4849999999999999

384 1.5

385 1.3900000000000001

386 1.48

387 1.47

388 1.5

389 1.495

390 1.495

391 1.48

392 1.4100000000000001

393 1.5

394 1.495

395 1.49

396 1.495

397 1.48

398 1.49

399 1.5

400 1.495

401 1.4849999999999999

402 1.5

403 1.49

404 1.495

405 1.5

406 1.5

407 1.495

408 1.495

409 1.44

410 1.49

411 1.285

412 1.5

413 1.495

414 1.495

415 1.495

416 1.495

417 1.495

418 1.5

419 1.48

420 1.5

421 1.5

422 1.415

423 1.495

424 1.4849999999999999

425 1.47

426 1.49

427 1.475

428 1.495

429 1.44

430 0.8200000000000001

431 1.48

432 1.49

433 1.495

434 1.49

435 1.4649999999999999

436 1.4649999999999999

437 1.495

438 1.5

439 1.495

440 1.49

441 1.49

442 1.465

443 1.495

444 1.49

445 1.275

446 1.455

447 1.5

448 1.5

449 1.5

450 1.5

451 1.5

452 1.4849999999999999

453 1.495

454 1.4849999999999999

455 1.5

456 1.46

457 1.495

458 1.48

459 1.42

460 1.5

461 1.495

462 1.4649999999999999

463 1.5

464 1.455

465 1.49

466 1.44

467 1.4849999999999999

468 1.49

469 1.5

470 1.44

471 1.48

472 1.4849999999999999

473 1.5

474 1.495

475 1.4849999999999999

476 1.4

477 1.5

478 1.495

479 1.5

480 1.42

481 1.475

482 1.48

483 1.465

484 1.4849999999999999

485 1.47

486 1.3900000000000001

487 1.47

488 1.5

489 1.5

490 1.5

491 1.495

492 1.495

493 1.5

494 1.49

495 1.495

496 1.49

497 1.495

498 1.49

499 1.495

500 1.5

501 1.495

502 1.46

503 1.495

504 1.5

505 1.495

506 1.495

507 1.47

508 1.495

509 1.49

510 1.5

511 1.49

512 1.475

513 1.4649999999999999

514 1.445

515 1.495

516 1.475

517 1.4849999999999999

518 1.495

519 1.495

520 1.4649999999999999

521 1.495

522 1.405

523 1.495

524 1.4849999999999999

525 1.495

526 1.5

527 1.495

528 1.495

529 1.495

530 1.495

531 1.47

532 1.45

533 1.495

534 1.4849999999999999

535 1.48

536 1.5

537 1.4849999999999999

538 1.495

539 1.49

540 1.495

541 1.28

542 1.495

543 1.5

544 1.5

545 1.285

546 1.495

547 1.495

548 1.5

549 1.49

550 1.5

551 1.495

552 1.495

553 1.495

554 1.46

555 1.46

556 1.34

557 1.5

558 1.45

559 1.47

560 1.5

561 1.48

562 1.495

563 1.5

564 1.49

565 1.5

566 1.5

567 1.225

568 1.495

569 1.475

570 1.415

571 1.495

572 1.465

573 1.5

574 1.5

575 1.5

576 1.455

577 1.5

578 1.49

579 1.46

580 1.4849999999999999

581 1.4849999999999999

582 1.49

583 1.4849999999999999

584 1.5

585 1.48

586 1.46

587 1.4849999999999999

588 1.495

589 1.4849999999999999

590 1.5

591 1.4849999999999999

592 1.475

593 1.4849999999999999

594 1.5

595 1.5

596 1.5

597 1.495

598 1.5

599 1.34

600 1.5

601 1.5

602 1.495

603 1.455

604 1.5

605 1.455

606 1.5

607 1.48

608 1.495

609 1.49

610 1.49

611 1.465

612 1.46

613 1.49

614 1.48

615 1.47

616 1.495

617 1.495

618 1.4

619 1.5

620 1.495

621 1.495

622 1.4449999999999998

623 1.495

624 1.495

625 1.455

626 1.49

627 1.4849999999999999

628 1.495

629 1.495

630 1.4849999999999999

631 1.49

632 1.5

633 1.47

634 1.4849999999999999

635 1.495

636 1.49

637 1.4100000000000001

638 1.495

639 1.5

640 1.495

641 1.49

642 1.48

643 1.4849999999999999

644 1.48

645 1.49

646 1.5

647 1.5

648 1.48

649 1.5

650 1.5

651 1.5

652 1.495

653 1.495

654 1.495

655 1.495

656 1.495

657 1.495

658 1.4649999999999999

659 1.495

660 1.49

661 1.42

662 1.4849999999999999

663 1.495

664 1.49

665 1.49

666 1.4449999999999998

667 1.44

668 1.44

669 1.495

670 1.3599999999999999

671 1.475

672 1.495

673 1.455

674 1.49

675 1.4849999999999999

676 1.5

677 1.495

678 1.49

679 1.435

680 1.455

681 1.475

682 1.4

683 1.4649999999999999

684 1.42

685 1.495

686 1.5

687 1.5

688 1.445

689 1.475

690 1.49

691 1.48

692 1.465

693 1.48

694 1.49

695 1.47

696 1.5

697 1.495

698 1.495

699 1.5

700 1.4849999999999999

701 1.49

702 1.5

703 1.49

704 1.49

705 1.5

706 1.495

707 1.46

708 1.5

709 1.43

710 1.4849999999999999

711 1.5

712 1.49

713 1.465

714 1.495

715 1.5

716 1.405

717 1.495

718 1.49

719 1.495

720 1.49

721 1.4849999999999999

722 1.495

723 1.49

724 1.4849999999999999

725 1.495

726 1.5

727 1.5

728 1.495

729 1.49

730 1.5

731 1.5

732 1.49

733 1.495

734 1.5

735 1.495

736 1.49

737 1.475

738 1.475

739 1.5

740 1.5

741 1.495

742 1.48

743 1.49

744 1.495

745 1.495

746 1.5

747 1.5

748 1.49

749 1.48

750 1.425

751 1.495

752 1.495

753 1.5

754 1.495

755 1.495

756 1.49

757 1.49

758 1.5

759 1.5

760 1.5

761 1.49

762 1.5

763 1.445

764 1.385

765 1.495

766 1.49

767 1.4849999999999999

768 1.4849999999999999

769 1.495

770 1.4849999999999999

771 1.455

772 1.4100000000000001

773 1.4849999999999999

774 1.49

775 1.4449999999999998

776 1.5

777 1.49

778 1.31

779 1.465

780 1.5

781 1.5

782 -0.10000000000000003

783 1.435

784 1.495

785 1.5

786 1.495

787 1.49

788 1.495

789 1.49

790 1.5

791 1.495

792 1.5

793 1.5

794 1.495

795 1.495

796 1.49

797 1.495

798 1.5

799 1.5

800 1.495

801 1.495

802 1.49

803 1.495

804 -0.14

805 1.495

806 1.415

807 1.4649999999999999

808 1.5

809 1.49

810 1.4849999999999999

811 1.5

812 1.4849999999999999

813 1.4849999999999999

814 1.455

815 1.495

816 1.4649999999999999

817 1.5

818 1.495

819 1.5

820 1.46

821 1.5

822 1.415

823 1.49

824 1.49

825 1.475

826 1.495

827 1.5

828 1.4849999999999999

829 1.495

830 1.5

831 1.495

832 1.5

833 1.5

834 1.48

835 1.44

836 1.5

837 1.495

838 1.5

839 1.425

840 1.44

841 1.5

842 1.46

843 1.47

844 1.49

845 1.495

846 1.47

847 1.4849999999999999

848 1.4649999999999999

849 1.49

850 1.49

851 1.49

852 1.5

853 1.5

854 1.5

855 1.4849999999999999

856 1.49

857 1.4849999999999999

858 1.5

859 1.5

860 1.495

861 1.5

862 1.5

863 1.495

864 1.495

865 1.4849999999999999

866 1.5

867 1.105

868 1.495

869 1.5

870 1.5

871 1.5

872 1.5

873 1.46

874 1.5

875 1.405

876 1.5

877 1.5

878 1.41

879 1.49

880 1.4849999999999999

881 1.495

882 1.49

883 1.475

884 1.49

885 1.495

886 1.4849999999999999

887 1.5

888 1.495

889 1.495

890 1.4649999999999999

891 1.475

892 1.44

893 1.24

894 1.5

895 1.49

896 1.5

897 1.435

898 1.495

899 1.48

900 1.5

901 1.4849999999999999

902 1.43

903 1.5

904 1.495

905 1.5

906 1.49

907 1.5

908 1.49

909 1.5

910 1.455

911 1.5

912 1.49

913 1.5

914 1.495

915 1.4849999999999999

916 1.5

917 1.4849999999999999

918 1.5

919 1.49

920 1.4849999999999999

921 1.4849999999999999

922 1.5

923 1.49

924 1.49

925 1.42

926 1.5

927 1.49

928 1.5

929 1.49

930 1.5

931 1.38

932 1.5

933 1.5

934 1.5

935 1.495

936 1.49

937 1.5

938 1.4449999999999998

939 1.5

940 1.4849999999999999

941 1.49

942 1.455

943 1.49

944 1.4849999999999999

945 1.495

946 1.4849999999999999

947 1.49

948 1.495

949 1.5

950 1.5

951 1.495

952 1.5

953 1.4849999999999999

954 1.475

955 1.495

956 1.495

957 1.495

958 1.5

959 1.5

960 1.5

961 1.46

962 1.49

963 1.495

964 1.43

965 1.5

966 1.49

967 1.5

968 1.5

969 1.4849999999999999

970 1.4849999999999999

971 1.495

972 1.5

973 1.5

974 1.5

975 1.48

976 1.47

977 1.5

978 1.495

979 1.475

980 1.5

981 1.455

982 1.5

983 1.5

984 1.5

985 1.4849999999999999

986 1.495

987 1.4849999999999999

988 1.4849999999999999

989 1.5

990 1.5

991 1.4300000000000002

992 1.5

993 1.48

994 1.5

995 1.49

996 1.5

997 1.5

998 1.495

999 1.495

1000 1.5

1001 1.49

1002 1.5

1003 1.5

1004 1.5

1005 1.5

1006 1.48

1007 1.25

1008 1.5

1009 1.49

1010 1.5

1011 1.49

1012 1.5

1013 1.5

1014 1.49

1015 1.41

1016 1.49

1017 1.5

1018 1.495

1019 1.38

1020 1.4649999999999999

1021 1.49

1022 1.475

1023 1.475

1024 1.495

1025 1.375

1026 1.5

1027 1.5

1028 1.5

1029 1.5

1030 1.49

1031 1.5

1032 1.475

1033 1.495

1034 1.415

1035 1.5

1036 1.46

1037 1.49

1038 1.225

1039 1.49

1040 1.2149999999999999

1041 1.48

1042 1.345

1043 1.4849999999999999

1044 1.495

1045 1.4849999999999999

1046 1.5

1047 1.5

1048 1.48

1049 1.5

1050 1.48

1051 1.48

1052 1.4849999999999999

1053 1.5

1054 1.47

1055 1.49

1056 1.4849999999999999

1057 1.4849999999999999

1058 1.475

1059 1.5

1060 1.49

1061 1.49

1062 1.475

1063 1.495

1064 1.495

1065 1.4849999999999999

1066 1.4849999999999999

1067 1.495

1068 1.495

1069 1.48

1070 1.48

1071 1.495

1072 1.24

1073 1.5

1074 1.48

1075 1.5

1076 1.5

1077 1.49

1078 1.49

1079 1.475

1080 1.495

1081 1.47

1082 1.48

1083 1.5

1084 1.495

1085 1.5

1086 1.495

1087 1.37

1088 1.495

1089 1.495

1090 1.47

1091 1.47

1092 1.5

1093 1.495

1094 1.415

1095 1.335

1096 1.5

1097 1.5

1098 1.4449999999999998

1099 1.5

1100 1.49

1101 1.495

1102 1.5

1103 1.48

1104 1.45

1105 1.495

1106 1.4849999999999999

1107 1.495

1108 1.47

1109 1.49

1110 1.495

1111 1.4849999999999999

1112 1.495

1113 1.2

1114 1.49

1115 1.49

1116 1.5

1117 1.495

1118 1.4649999999999999

1119 1.49

1120 1.47

1121 1.455

1122 1.49

1123 1.495

1124 1.495

1125 1.495

1126 1.49

1127 1.5

1128 1.495

1129 1.47

1130 1.425

1131 1.495

1132 1.5

1133 1.48

1134 1.5

1135 1.49

1136 1.5

1137 1.4849999999999999

1138 1.48

1139 1.4849999999999999

1140 1.495

1141 1.475

1142 1.5

1143 1.495

1144 1.495

1145 1.49

1146 1.5

1147 1.5

1148 1.4300000000000002

1149 1.5

1150 1.49

1151 1.495

1152 1.48

1153 1.4849999999999999

1154 1.495

1155 1.5

1156 1.495

1157 1.49

1158 1.4849999999999999

1159 1.5

1160 1.44

1161 1.5

1162 1.495

1163 1.24

1164 1.48

1165 1.4849999999999999

1166 1.475

1167 1.49

1168 1.495

1169 1.5

1170 1.49

1171 1.49

1172 1.5

1173 1.5

1174 1.4849999999999999

1175 1.495

1176 1.49

1177 1.495

1178 1.4649999999999999

1179 1.5

1180 1.44

1181 1.5

1182 1.495

1183 1.49

1184 1.4849999999999999

1185 1.495

1186 1.495

1187 1.49

1188 1.475

1189 1.49

1190 1.495

1191 1.5

1192 1.495

1193 1.495

1194 1.4649999999999999

1195 1.495

1196 1.5

1197 1.495

1198 1.48

1199 1.49

1200 1.49

1201 1.5

1202 1.49

1203 1.495

1204 1.495

1205 1.5

1206 1.5

1207 1.49

1208 1.47

1209 1.495

1210 -0.23000000000000004

1211 1.5

1212 1.5

1213 1.495

1214 1.49

1215 1.49

1216 1.495

1217 1.49

1218 1.5

1219 1.49

1220 1.43

1221 1.5

1222 1.49

1223 1.495

1224 1.47

1225 1.495

1226 1.4849999999999999

1227 1.455

1228 1.5

1229 1.5

1230 1.46

1231 1.5

1232 1.495

1233 1.5

1234 1.4849999999999999

1235 1.5

1236 1.455

1237 1.5

1238 1.4449999999999998

1239 1.495

1240 1.5

1241 1.5

1242 1.465

1243 1.49

1244 1.495

1245 1.49

1246 1.4849999999999999

1247 1.48

1248 1.495

1249 1.5

1250 1.5

1251 1.495

1252 1.495

1253 1.495

1254 1.495

1255 1.5

1256 1.5

1257 1.5

1258 1.49

1259 1.5

